0 1 -1
1 2 -1
2 3 -1
3 4 -1
4 5 -1
5 6 -1
6 7 -1
7 8 -1
8 9 -1
9 10 -1
10 11 -1
11 12 -1
12 13 -1
13 14 -1
14 15 -1
15 16 -1
16 17 -1
17 18 -1
18 19 -1
19 20 -1
20 21 -1
21 22 -1
22 23 -1
23 24 -1
24 25 -1
25 26 -1
26 27 -1
27 28 -1
28 29 -1
29 30 -1
30 31 -1
31 32 -1
32 33 -1
33 34 -1
34 35 -1
35 36 -1
36 37 -1
37 38 -1
38 39 -1
39 40 -1
40 41 -1
41 42 -1
42 43 -1
43 44 -1
44 45 -1
45 46 -1
46 47 -1
47 48 -1
48 49 -1
49 50 -1
50 51 -1
51 52 -1
52 53 -1
53 54 -1
54 55 -1
55 56 -1
56 57 -1
57 58 -1
58 59 -1
59 60 -1
60 61 -1
61 62 -1
62 63 -1
63 64 -1
64 65 -1
65 66 -1
66 67 -1
67 68 -1
68 69 -1
69 70 -1
70 71 -1
71 72 -1
72 73 -1
73 74 -1
74 75 -1
75 76 -1
76 77 -1
77 78 -1
78 79 -1
79 80 -1
80 81 -1
81 82 -1
82 83 -1
83 84 -1
84 85 -1
85 86 -1
86 87 -1
87 88 -1
88 89 -1
89 90 -1
90 91 -1
91 92 -1
92 93 -1
93 94 -1
94 95 -1
95 96 -1
96 97 -1
97 98 -1
98 99 -1
99 100 -1
Here
100 1 99
101 2 99
102 3 99
103 4 99
104 5 99
105 6 99
106 7 99
107 8 99
108 9 99
109 10 99
110 11 99
111 12 99
112 13 99
113 14 99
114 15 99
115 16 99
116 17 99
117 18 99
118 19 99
119 20 99
120 21 99
121 22 99
122 23 99
123 24 99
124 25 99
125 26 99
126 27 99
127 28 99
128 29 99
129 30 99
130 31 99
131 32 99
132 33 99
133 34 99
134 35 99
135 36 99
136 37 99
137 38 99
138 39 99
139 40 99
140 41 99
141 42 99
142 43 99
143 44 99
144 45 99
145 46 99
146 47 99
147 48 99
148 49 99
149 50 99
150 51 99
151 52 99
152 53 99
153 54 99
154 55 99
155 56 99
156 57 99
157 58 99
158 59 99
159 60 99
160 61 99
161 62 99
162 63 99
163 64 99
164 65 99
165 66 99
166 67 99
167 68 99
168 69 99
169 70 99
170 71 99
171 72 99
172 73 99
173 74 99
174 75 99
175 76 99
176 77 99
177 78 99
178 79 99
179 80 99
180 81 99
181 82 99
182 83 99
183 84 99
184 85 99
185 86 99
186 87 99
187 88 99
188 89 99
189 90 99
190 91 99
191 92 99
192 93 99
193 94 99
Here
194 1 193
195 2 193
196 3 193
197 4 193
198 5 193
199 6 193
200 7 193
201 8 193
202 9 193
203 10 193
204 11 193
205 12 193
206 13 193
207 14 193
208 15 193
209 16 193
210 17 193
211 18 193
212 19 193
213 20 193
214 21 193
215 22 193
216 23 193
217 24 193
218 25 193
219 26 193
220 27 193
221 28 193
222 29 193
223 30 193
224 31 193
225 32 193
226 33 193
227 34 193
228 35 193
229 36 193
230 37 193
231 38 193
232 39 193
233 40 193
234 41 193
235 42 193
236 43 193
237 44 193
238 45 193
239 46 193
240 47 193
241 48 193
242 49 193
243 50 193
244 51 193
245 52 193
246 53 193
247 54 193
248 55 193
249 56 193
250 57 193
251 58 193
252 59 193
253 60 193
254 61 193
255 62 193
256 63 193
257 64 193
258 65 193
259 66 193
260 67 193
261 68 193
262 69 193
263 70 193
264 71 193
265 72 193
266 73 193
267 74 193
268 75 193
269 76 193
270 77 193
271 78 193
272 79 193
273 80 193
274 81 193
275 82 193
276 83 193
277 84 193
278 85 193
279 86 193
280 87 193
281 88 193
282 89 193
283 90 193
284 91 193
285 92 193
286 93 193
287 94 193
288 95 193
289 96 193
290 97 193
291 98 193
292 99 193
293 100 193
294 101 193
295 102 193
296 103 193
297 104 193
298 105 193
299 106 193
300 107 193
301 108 193
302 109 193
303 110 193
304 111 193
305 112 193
306 113 193
307 114 193
308 115 193
309 116 193
310 117 193
311 118 193
312 119 193
313 120 193
314 121 193
315 122 193
316 123 193
317 124 193
318 125 193
319 126 193
320 127 193
321 128 193
322 129 193
323 130 193
324 131 193
325 132 193
326 133 193
327 134 193
328 135 193
329 136 193
330 137 193
331 138 193
332 139 193
333 140 193
334 141 193
335 142 193
336 143 193
337 144 193
338 145 193
339 146 193
340 147 193
341 148 193
342 149 193
343 150 193
344 151 193
345 152 193
346 153 193
347 154 193
348 155 193
349 156 193
350 157 193
351 158 193
352 159 193
353 160 193
354 161 193
355 162 193
356 163 193
357 164 193
358 165 193
359 166 193
360 167 193
361 168 193
362 169 193
363 170 193
364 171 193
365 172 193
366 173 193
367 174 193
368 175 193
369 176 193
370 177 193
371 178 193
372 179 193
373 180 193
374 181 193
375 182 193
376 183 193
377 184 193
378 185 193
379 186 193
380 187 193
381 188 193
382 189 193
383 190 193
384 191 193
385 192 193
386 193 193
387 194 193
388 195 193
389 196 193
390 197 193
391 198 193
392 199 193
393 200 193
394 201 193
395 202 193
396 203 193
397 204 193
398 205 193
399 206 193
400 207 193
401 208 193
402 209 193
403 210 193
404 211 193
405 212 193
406 213 193
407 214 193
408 215 193
409 216 193
410 217 193
411 218 193
412 219 193
413 220 193
414 221 193
415 222 193
416 223 193
417 224 193
418 225 193
419 226 193
420 227 193
421 228 193
422 229 193
423 230 193
424 231 193
425 232 193
426 233 193
427 234 193
428 235 193
429 236 193
430 237 193
431 238 193
432 239 193
433 240 193
434 241 193
435 242 193
Here
436 1 435
437 2 435
438 3 435
439 4 435
440 5 435
441 6 435
442 7 435
443 8 435
444 9 435
445 10 435
446 11 435
447 12 435
448 13 435
449 14 435
450 15 435
451 16 435
452 17 435
453 18 435
454 19 435
455 20 435
456 21 435
457 22 435
458 23 435
459 24 435
460 25 435
461 26 435
462 27 435
463 28 435
464 29 435
465 30 435
466 31 435
467 32 435
468 33 435
469 34 435
470 35 435
471 36 435
472 37 435
473 38 435
474 39 435
475 40 435
476 41 435
477 42 435
478 43 435
479 44 435
480 45 435
481 46 435
482 47 435
483 48 435
484 49 435
485 50 435
486 51 435
487 52 435
488 53 435
489 54 435
490 55 435
491 56 435
492 57 435
493 58 435
494 59 435
495 60 435
496 61 435
497 62 435
498 63 435
499 64 435
500 65 435
501 66 435
502 67 435
503 68 435
504 69 435
505 70 435
506 71 435
507 72 435
508 73 435
509 74 435
510 75 435
511 76 435
512 77 435
513 78 435
514 79 435
515 80 435
516 81 435
517 82 435
518 83 435
519 84 435
520 85 435
521 86 435
522 87 435
523 88 435
524 89 435
525 90 435
526 91 435
527 92 435
528 93 435
529 94 435
530 95 435
531 96 435
532 97 435
533 98 435
534 99 435
535 100 435
536 101 435
537 102 435
538 103 435
539 104 435
540 105 435
541 106 435
542 107 435
543 108 435
544 109 435
545 110 435
546 111 435
547 112 435
548 113 435
549 114 435
550 115 435
551 116 435
552 117 435
553 118 435
554 119 435
555 120 435
556 121 435
557 122 435
558 123 435
559 124 435
560 125 435
561 126 435
562 127 435
563 128 435
564 129 435
565 130 435
566 131 435
567 132 435
568 133 435
569 134 435
570 135 435
571 136 435
572 137 435
573 138 435
574 139 435
575 140 435
576 141 435
577 142 435
578 143 435
579 144 435
580 145 435
581 146 435
582 147 435
583 148 435
584 149 435
585 150 435
586 151 435
587 152 435
588 153 435
589 154 435
590 155 435
591 156 435
592 157 435
593 158 435
594 159 435
595 160 435
596 161 435
597 162 435
598 163 435
599 164 435
600 165 435
601 166 435
602 167 435
603 168 435
604 169 435
605 170 435
606 171 435
607 172 435
608 173 435
609 174 435
610 175 435
611 176 435
612 177 435
613 178 435
614 179 435
615 180 435
616 181 435
617 182 435
618 183 435
619 184 435
620 185 435
621 186 435
622 187 435
623 188 435
624 189 435
625 190 435
626 191 435
627 192 435
628 193 435
629 194 435
630 195 435
631 196 435
632 197 435
633 198 435
634 199 435
635 200 435
636 201 435
637 202 435
638 203 435
639 204 435
640 205 435
641 206 435
642 207 435
643 208 435
644 209 435
645 210 435
646 211 435
647 212 435
648 213 435
649 214 435
650 215 435
651 216 435
652 217 435
653 218 435
654 219 435
655 220 435
656 221 435
657 222 435
658 223 435
659 224 435
660 225 435
661 226 435
662 227 435
663 228 435
664 229 435
665 230 435
666 231 435
667 232 435
668 233 435
669 234 435
670 235 435
671 236 435
672 237 435
673 238 435
674 239 435
675 240 435
676 241 435
677 242 435
Here
678 1 677
679 2 677
680 3 677
681 4 677
682 5 677
683 6 677
684 7 677
685 8 677
686 9 677
687 10 677
688 11 677
689 12 677
690 13 677
691 14 677
692 15 677
693 16 677
694 17 677
695 18 677
696 19 677
697 20 677
698 21 677
699 22 677
700 23 677
701 24 677
702 25 677
703 26 677
704 27 677
705 28 677
706 29 677
707 30 677
708 31 677
709 32 677
710 33 677
711 34 677
712 35 677
713 36 677
714 37 677
715 38 677
716 39 677
717 40 677
718 41 677
719 42 677
720 43 677
721 44 677
722 45 677
723 46 677
724 47 677
725 48 677
726 49 677
727 50 677
728 51 677
729 52 677
730 53 677
731 54 677
732 55 677
733 56 677
734 57 677
735 58 677
736 59 677
737 60 677
738 61 677
739 62 677
740 63 677
741 64 677
742 65 677
743 66 677
744 67 677
745 68 677
746 69 677
747 70 677
748 71 677
749 72 677
750 73 677
751 74 677
752 75 677
753 76 677
754 77 677
755 78 677
756 79 677
757 80 677
758 81 677
759 82 677
760 83 677
761 84 677
762 85 677
763 86 677
764 87 677
765 88 677
766 89 677
767 90 677
768 91 677
769 92 677
770 93 677
771 94 677
772 95 677
773 96 677
774 97 677
775 98 677
776 99 677
777 100 677
778 101 677
779 102 677
780 103 677
781 104 677
782 105 677
783 106 677
784 107 677
785 108 677
786 109 677
787 110 677
788 111 677
789 112 677
790 113 677
791 114 677
792 115 677
793 116 677
794 117 677
795 118 677
796 119 677
797 120 677
798 121 677
799 122 677
800 123 677
801 124 677
802 125 677
803 126 677
804 127 677
805 128 677
806 129 677
807 130 677
808 131 677
809 132 677
810 133 677
811 134 677
812 135 677
813 136 677
814 137 677
815 138 677
816 139 677
817 140 677
818 141 677
819 142 677
820 143 677
821 144 677
822 145 677
823 146 677
824 147 677
825 148 677
826 149 677
827 150 677
828 151 677
829 152 677
830 153 677
831 154 677
832 155 677
833 156 677
834 157 677
835 158 677
836 159 677
837 160 677
838 161 677
839 162 677
840 163 677
841 164 677
842 165 677
843 166 677
844 167 677
845 168 677
846 169 677
847 170 677
848 171 677
849 172 677
850 173 677
851 174 677
852 175 677
853 176 677
854 177 677
855 178 677
856 179 677
857 180 677
858 181 677
859 182 677
860 183 677
861 184 677
862 185 677
863 186 677
864 187 677
865 188 677
866 189 677
867 190 677
868 191 677
869 192 677
870 193 677
871 194 677
872 195 677
873 196 677
874 197 677
875 198 677
876 199 677
877 200 677
878 201 677
879 202 677
880 203 677
881 204 677
882 205 677
883 206 677
884 207 677
885 208 677
886 209 677
887 210 677
888 211 677
889 212 677
890 213 677
891 214 677
892 215 677
893 216 677
894 217 677
895 218 677
896 219 677
897 220 677
898 221 677
899 222 677
900 223 677
901 224 677
902 225 677
903 226 677
904 227 677
905 228 677
906 229 677
907 230 677
908 231 677
909 232 677
910 233 677
911 234 677
912 235 677
913 236 677
914 237 677
915 238 677
916 239 677
917 240 677
918 241 677
919 242 677
Here
920 1 919
921 2 919
922 3 919
923 4 919
924 5 919
925 6 919
926 7 919
927 8 919
928 9 919
929 10 919
930 11 919
931 12 919
932 13 919
933 14 919
934 15 919
935 16 919
936 17 919
937 18 919
938 19 919
939 20 919
940 21 919
941 22 919
942 23 919
943 24 919
944 25 919
945 26 919
946 27 919
947 28 919
948 29 919
949 30 919
950 31 919
951 32 919
952 33 919
953 34 919
954 35 919
955 36 919
956 37 919
957 38 919
958 39 919
959 40 919
960 41 919
961 42 919
962 43 919
963 44 919
964 45 919
965 46 919
966 47 919
967 48 919
968 49 919
969 50 919
970 51 919
971 52 919
972 53 919
973 54 919
974 55 919
975 56 919
976 57 919
977 58 919
978 59 919
979 60 919
980 61 919
981 62 919
982 63 919
983 64 919
984 65 919
985 66 919
986 67 919
987 68 919
988 69 919
989 70 919
990 71 919
991 72 919
992 73 919
993 74 919
994 75 919
995 76 919
996 77 919
997 78 919
998 79 919
999 80 919
1000 81 919
1001 82 919
1002 83 919
1003 84 919
1004 85 919
1005 86 919
1006 87 919
1007 88 919
1008 89 919
1009 90 919
1010 91 919
1011 92 919
1012 93 919
1013 94 919
1014 95 919
1015 96 919
1016 97 919
1017 98 919
1018 99 919
1019 100 919
1020 101 919
1021 102 919
1022 103 919
1023 104 919
1024 105 919
1025 106 919
1026 107 919
1027 108 919
1028 109 919
1029 110 919
1030 111 919
1031 112 919
1032 113 919
1033 114 919
1034 115 919
1035 116 919
1036 117 919
1037 118 919
1038 119 919
1039 120 919
1040 121 919
1041 122 919
1042 123 919
1043 124 919
1044 125 919
1045 126 919
1046 127 919
1047 128 919
1048 129 919
1049 130 919
1050 131 919
1051 132 919
1052 133 919
1053 134 919
1054 135 919
1055 136 919
1056 137 919
1057 138 919
1058 139 919
1059 140 919
1060 141 919
1061 142 919
1062 143 919
1063 144 919
1064 145 919
1065 146 919
1066 147 919
1067 148 919
1068 149 919
1069 150 919
1070 151 919
1071 152 919
1072 153 919
1073 154 919
1074 155 919
1075 156 919
1076 157 919
1077 158 919
1078 159 919
1079 160 919
1080 161 919
1081 162 919
1082 163 919
1083 164 919
1084 165 919
1085 166 919
1086 167 919
1087 168 919
1088 169 919
1089 170 919
1090 171 919
1091 172 919
1092 173 919
1093 174 919
1094 175 919
1095 176 919
1096 177 919
1097 178 919
1098 179 919
1099 180 919
1100 181 919
1101 182 919
1102 183 919
1103 184 919
1104 185 919
1105 186 919
1106 187 919
1107 188 919
1108 189 919
1109 190 919
1110 191 919
1111 192 919
1112 193 919
1113 194 919
1114 195 919
1115 196 919
1116 197 919
1117 198 919
1118 199 919
1119 200 919
1120 201 919
1121 202 919
1122 203 919
1123 204 919
1124 205 919
1125 206 919
1126 207 919
1127 208 919
1128 209 919
1129 210 919
1130 211 919
1131 212 919
1132 213 919
1133 214 919
1134 215 919
1135 216 919
1136 217 919
1137 218 919
1138 219 919
1139 220 919
1140 221 919
1141 222 919
1142 223 919
1143 224 919
1144 225 919
1145 226 919
1146 227 919
1147 228 919
1148 229 919
1149 230 919
1150 231 919
1151 232 919
1152 233 919
1153 234 919
1154 235 919
1155 236 919
1156 237 919
1157 238 919
1158 239 919
1159 240 919
1160 241 919
1161 242 919
1162 243 919
1163 244 919
1164 245 919
1165 246 919
1166 247 919
1167 248 919
1168 249 919
1169 250 919
1170 251 919
1171 252 919
1172 253 919
1173 254 919
1174 255 919
1175 256 919
1176 257 919
1177 258 919
1178 259 919
1179 260 919
1180 261 919
1181 262 919
1182 263 919
1183 264 919
1184 265 919
1185 266 919
1186 267 919
1187 268 919
1188 269 919
1189 270 919
1190 271 919
1191 272 919
1192 273 919
1193 274 919
1194 275 919
1195 276 919
1196 277 919
1197 278 919
1198 279 919
1199 280 919
1200 281 919
1201 282 919
1202 283 919
1203 284 919
1204 285 919
1205 286 919
1206 287 919
1207 288 919
1208 289 919
1209 290 919
1210 291 919
1211 292 919
1212 293 919
1213 294 919
1214 295 919
1215 296 919
1216 297 919
1217 298 919
1218 299 919
1219 300 919
1220 301 919
1221 302 919
1222 303 919
1223 304 919
1224 305 919
1225 306 919
1226 307 919
1227 308 919
1228 309 919
1229 310 919
1230 311 919
1231 312 919
1232 313 919
1233 314 919
1234 315 919
1235 316 919
1236 317 919
1237 318 919
1238 319 919
1239 320 919
1240 321 919
1241 322 919
1242 323 919
1243 324 919
1244 325 919
1245 326 919
1246 327 919
1247 328 919
1248 329 919
1249 330 919
1250 331 919
1251 332 919
1252 333 919
1253 334 919
1254 335 919
1255 336 919
1256 337 919
1257 338 919
1258 339 919
1259 340 919
1260 341 919
1261 342 919
1262 343 919
1263 344 919
1264 345 919
1265 346 919
1266 347 919
1267 348 919
1268 349 919
1269 350 919
1270 351 919
1271 352 919
1272 353 919
1273 354 919
1274 355 919
1275 356 919
1276 357 919
1277 358 919
1278 359 919
1279 360 919
1280 361 919
1281 362 919
1282 363 919
1283 364 919
1284 365 919
1285 366 919
1286 367 919
1287 368 919
1288 369 919
1289 370 919
1290 371 919
1291 372 919
1292 373 919
1293 374 919
1294 375 919
1295 376 919
1296 377 919
1297 378 919
1298 379 919
1299 380 919
1300 381 919
1301 382 919
1302 383 919
1303 384 919
1304 385 919
1305 386 919
1306 387 919
1307 388 919
1308 389 919
1309 390 919
1310 391 919
1311 392 919
1312 393 919
1313 394 919
1314 395 919
1315 396 919
1316 397 919
1317 398 919
1318 399 919
1319 400 919
1320 401 919
1321 402 919
1322 403 919
1323 404 919
1324 405 919
1325 406 919
1326 407 919
1327 408 919
1328 409 919
1329 410 919
1330 411 919
1331 412 919
1332 413 919
1333 414 919
1334 415 919
1335 416 919
1336 417 919
1337 418 919
1338 419 919
1339 420 919
1340 421 919
1341 422 919
1342 423 919
1343 424 919
1344 425 919
1345 426 919
1346 427 919
1347 428 919
1348 429 919
1349 430 919
1350 431 919
1351 432 919
1352 433 919
1353 434 919
1354 435 919
1355 436 919
1356 437 919
1357 438 919
1358 439 919
1359 440 919
1360 441 919
1361 442 919
Here
